25.800354003906250 25.800354003906250
25.800373077392578 25.800373077392578
25.800359725952148 25.800359725952148
25.800298690795898 25.800298690795898
25.800163269042969 25.800163269042969
25.800130844116211 25.800130844116211
25.800010681152344 25.800010681152344
25.799066543579102 25.799066543579102
25.799060821533203 25.799060821533203
25.799324035644531 25.799324035644531
25.800092697143555 25.800092697143555
25.799736022949219 25.799736022949219
25.799106597900391 25.799106597900391
25.798799514770508 25.798799514770508
25.798500061035156 25.798500061035156
25.798730850219727 25.798730850219727
25.798879623413086 25.798879623413086
25.799169540405273 25.799169540405273
25.798845291137695 25.798845291137695
25.799594879150391 25.799594879150391
25.800241470336914 25.800241470336914
