25.786041543489119 -80.314554907006467
25.787715263075775 -80.314595910482296
25.788047542830419 -80.314170747104839
25.788412191658367 -80.305474169371095
25.788497716693385 -80.304271598022027
25.788545752686098 -80.302400366691288
25.788596462560491 -80.301214986337953
25.788712343430845 -80.298467725798261
25.788880942948204 -80.294488391676083
25.789001889981659 -80.291633765133852
25.78903206997046 -80.290923237111159
25.789044376507981 -80.290485866702454
25.789462798023862 -80.288709049417108
25.789538641541711 -80.2868179082013
25.789581676425762 -80.285579077636726
25.789664008145483 -80.283540721267102
25.789709585283504 -80.282412329320081
25.789996626284136 -80.281970137871156
25.790444236815691 -80.281280586381811